2 7 0 0 0 0 0 0
12 0 0 0 0 0 0 0
13 0 0 0 0 0 0 0
14 0 0 0 0 0 0 0
15 0 0 0 0 0 0 0
2 7 1 0 0 0 0 0
2 1 0 0 0 0 0 0
1 1 1 0 0 0 0 0
2 1 0 0 0 0 0 0
1 1 0 0 0 0 0 0
2 1 0 0 0 0 0 0
1 1 1 0 0 0 0 0
2 1 0 0 0 0 0 0
1 1 0 0 0 0 0 0
2 1 0 0 0 0 0 0
1 1 1 0 0 0 0 0
2 1 0 0 0 0 0 0
1 1 0 0 0 0 0 0
2 1 0 0 0 0 0 0
1 1 1 0 0 0 0 0
2 1 0 0 0 0 0 0
1 1 0 0 0 0 0 0
2 1 0 0 0 0 0 0
1 1 1 0 0 0 0 0
2 1 0 0 0 0 0 0
1 1 0 0 0 0 0 0
2 1 0 0 0 0 0 0
1 1 1 0 0 0 0 0
2 1 0 0 0 0 0 0
5 0 0 0 0 0 0 0
2 0 0 0 0 0 0 0
2 0 0 0 0 0 0 0
3 0 0 0 0 0 0 0
4 0 0 0 0 0 0 0
6 0 0 0 0 0 0 0
30 0 0 0 0 0 0 0
1 6 0 0 0 0 0 0
1 1 1 1 1 1 1 6
2 1 1 1 1 1 1 1 1 1 1 1 7
30 0 0 0 0 0 0 0
6 0 0 0 0 0 0 0
4 0 0 0 0 0 0 0
4 0 0 0 0 0 0 0
6 0 0 0 0 0 0 0
6 0 0 0 0 0 0 0
