2 0 0 0 0 0 0 0
2 0 0 0 0 0 0 0
3 0 0 0 0 0 0 0
2 0 0 0 0 0 0 0
5 2 0 0 0 0 0 0
5 2 0 0 0 0 0 0
5 2 0 0 0 0 0 0
4 3 0 0 0 0 0 0
4 2 0 0 0 0 0 0
2 6 0 0 0 0 0 0
5 4 0 0 0 0 0 0
22 0 0 0 0 0 0 0
24 0 0 0 0 0 0 0
13 2 4 0 0 0 0 0
3 3 0 0 0 0 0 0
4 3 0 0 0 0 0 0
4 3 0 0 0 0 0 0
3 2 0 0 0 0 0 0
2 4 2 0 0 0 0 0
2 5 2 0 0 0 0 0
5 2 0 0 0 0 0 0
4 1 0 0 0 0 0 0
2 3 1 0 0 0 0 0
2 2 0 0 0 0 0 0
1 0 0 0 0 0 0 0
8 0 0 0 0 0 0 0
12 0 0 0 0 0 0 0
2 5 6 0 0 0 0 0
3 9 0 0 0 0 0 0
6 3 0 0 0 0 0 0
7 1 0 0 0 0 0 0
9 0 0 0 0 0 0 0
5 6 0 0 0 0 0 0
5 2 4 0 0 0 0 0
5 3 3 0 0 0 0 0
3 3 3 0 0 0 0 0
3 3 2 0 0 0 0 0
3 3 2 0 0 0 0 0
3 3 2 0 0 0 0 0
2 3 2 0 0 0 0 0
1 3 1 0 0 0 0 0
3 1 0 0 0 0 0 0
3 1 0 0 0 0 0 0
3 0 0 0 0 0 0 0
3 0 0 0 0 0 0 0
4 0 0 0 0 0 0 0
4 0 0 0 0 0 0 0
3 0 0 0 0 0 0 0
2 2 4 0 0 0 0 0
2 2 4 0 0 0 0 0