8 0 0 0 0 0 0 0
10 0 0 0 0 0 0 0
12 0 0 0 0 0 0 0
14 0 0 0 0 0 0 0
8 6 0 0 0 0 0 0
10 5 0 0 0 0 0 0
14 5 0 0 0 0 0 0
1 11 5 0 0 0 0 0
14 5 0 0 0 0 0 0
1 12 6 0 0 0 0 0
8 6 7 0 0 0 0 0
5 12 0 0 0 0 0 0
25 0 0 0 0 0 0 0
1 5 12 0 0 0 0 0
8 6 7 0 0 0 0 0
12 6 0 0 0 0 0 0
14 5 0 0 0 0 0 0
1 11 5 0 0 0 0 0
14 5 0 0 0 0 0 0
10 5 0 0 0 0 0 0
8 6 0 0 0 0 0 0
14 0 0 0 0 0 0 0
12 0 0 0 0 0 0 0
10 0 0 0 0 0 0 0
8 0 0 0 0 0 0 0
13 0 0 0 0 0 0 0
17 0 0 0 0 0 0 0
19 0 0 0 0 0 0 0
21 0 0 0 0 0 0 0
23 0 0 0 0 0 0 0
6 7 6 0 0 0 0 0
5 5 5 0 0 0 0 0
4 3 4 0 0 0 0 0
4 3 4 0 0 0 0 0
5 5 5 0 0 0 0 0
6 7 6 0 0 0 0 0
25 0 0 0 0 0 0 0
11 1 11 0 0 0 0 0
10 1 10 0 0 0 0 0
9 1 9 0 0 0 0 0
7 1 7 0 0 0 0 0
6 1 6 0 0 0 0 0
15 0 0 0 0 0 0 0
15 0 0 0 0 0 0 0
15 0 0 0 0 0 0 0
13 0 0 0 0 0 0 0
13 0 0 0 0 0 0 0
1 1 1 1 1 1 1 0
1 1 1 1 1 1 1 0
3 3 5 0 0 0 0 0