5 0 0 0 0 0 0 0
11 0 0 0 0 0 0 0
5 5 0 0 0 0 0 0
3 3 0 0 0 0 0 0
3 3 0 0 0 0 0 0
3 3 0 0 0 0 0 0
2 3 0 0 0 0 0 0
2 5 5 0 0 0 0 0
2 13 2 0 0 0 0 0
2 3 5 2 0 0 0 0
2 2 2 0 0 0 0 0
2 2 2 0 0 0 0 0
2 2 2 0 0 0 0 0
2 2 2 0 0 0 0 0
2 2 4 2 0 0 0 0
2 3 6 2 0 0 0 0
2 9 5 0 0 0 0 0
2 5 4 0 0 0 0 0
2 2 0 0 0 0 0 0
3 3 0 0 0 0 0 0
3 3 0 0 0 0 0 0
3 3 0 0 0 0 0 0
5 5 0 0 0 0 0 0
11 0 0 0 0 0 0 0
5 0 0 0 0 0 0 0
5 0 0 0 0 0 0 0
11 0 0 0 0 0 0 0
5 5 0 0 0 0 0 0
5 4 0 0 0 0 0 0
3 3 6 0 0 0 0 0
3 3 3 3 0 0 0 0
2 2 2 2 0 0 0 0
2 2 2 2 0 0 0 0
2 3 2 2 0 0 0 0
2 2 2 2 0 0 0 0
2 2 1 2 0 0 0 0
2 2 2 2 0 0 0 0
2 2 2 2 0 0 0 0
2 2 2 2 0 0 0 0
2 2 2 2 0 0 0 0
2 3 2 2 0 0 0 0
2 9 2 0 0 0 0 0
2 7 2 0 0 0 0 0
2 2 0 0 0 0 0 0
3 3 0 0 0 0 0 0
3 3 0 0 0 0 0 0
3 3 0 0 0 0 0 0
5 5 0 0 0 0 0 0
11 0 0 0 0 0 0 0
5 0 0 0 0 0 0 0